
Dette projekt genererer en tabel over RPM til PWM
Til brug for en balance robot.


Ny test 30/4 2025
motor1
const int RPM_TO_PWM_MOTOR_%d[RPM_LOOKUP_TABLE_SIZE] = {
    6, 8, 13, 14, 15, 16, 17, 18, 19, 21, 21, 22, 23, 24, 26,
    27, 28, 29, 30, 31, 32, 32, 33, 33, 34, 34, 35, 36, 36, 37, 37,
    38, 39, 39, 40, 40, 41, 42, 43, 44, 45, 46, 46, 47, 48, 48, 49,
    49, 50, 50, 51, 52, 52, 53, 53, 54, 56, 57, 58, 58, 59, 59, 60,
    61, 61, 62, 62, 63, 64, 66, 67, 67, 68, 68, 69, 70, 70, 71, 73,
    74, 75, 76, 76, 77, 77, 78, 79, 81, 82, 83, 83, 84, 85, 87, 88,
    88, 89, 90, 91, 92, 94, 95, 95, 96, 97, 100, 100, 101, 102, 105, 104,
    106, 108, 109, 110, 111, 112, 114, 116, 117, 118, 120, 121, 122, 125, 126, 126,
    127, 130, 132, 133, 135, 136, 136, 139, 141, 142, 144, 145, 146, 147, 149, 150,
    152, 153, 154, 156, 157, 158, 160, 161, 161, 162, 165, 166, 167, 168, 169, 170,
    172, 173, 174, 175, 176, 177, 178, 180, 181, 182, 183, 184, 185, 187, 187, 188,
    189, 190, 192, 193, 193, 194, 196, 197, 198, 200, 199, 200, 201, 203, 204, 205,
    206, 207, 208, 209, 110, 211, 212, 213, 214, 215, 216, 217, 218, 218, 219, 221,
    221, 222, 224, 225, 225, 226, 227, 228, 230, 231, 232, 233, 233, 234, 235, 236,
    237, 238, 239, 240, 241, 242, 243, 244, 245, 246, 246, 246, 246, 246, 246, 246,
    246, 246, 246, 246, 246, 246, 246, 246, 246, 246, 246, 246, 246, 246, 246, 246
}

Motor2:
    6, 9, 12, 15, 15, 16, 17, 18, 20, 21, 22, 24, 25, 26, 27,
    29, 30, 31, 32, 33, 35, 35, 36, 36, 37, 37, 38, 38, 39, 39, 40,
    40, 41, 41, 42, 42, 45, 47, 49, 50, 50, 51, 51, 52, 52, 52, 53,
    53, 53, 54, 54, 55, 55, 56, 56, 60, 61, 62, 62, 63, 63, 64, 64,
    64, 65, 65, 66, 67, 70, 71, 71, 72, 72, 72, 73, 73, 74, 77, 78,
    78, 79, 79, 80, 81, 82, 84, 85, 86, 86, 87, 87, 88, 88, 92, 92,
    93, 93, 94, 97, 98, 99, 0, 0, 100, 103, 104, 0, 105, 109, 108, 107,
    110, 111, 114, 115, 0, 116, 120, 117, 0, 0, 122, 125, 0, 126, 129, 0,
    130, 131, 134, 0, 135, 138, 139, 251, 142, 143, 144, 0, 146, 147, 148, 151,
    152, 0, 0, 155, 156, 157, 159, 160, 0, 161, 164, 0, 0, 167, 168, 0,
    171, 0, 172, 174, 175, 0, 178, 179, 0, 0, 182, 0, 185, 184, 186, 187,
    188, 189, 190, 192, 0, 193, 194, 196, 197, 198, 199, 0, 202, 201, 0, 205,
    204, 206, 0, 207, 209, 210, 211, 212, 213, 214, 0, 217, 0, 218, 0, 220,
    221, 223, 0, 224, 226, 225, 0, 229, 0, 250, 232, 0, 0, 234, 236, 237,
    0, 0, 240, 0, 242, 0, 249, 245, 248, 247, 0, 0, 0, 0, 0, 0,
    0, 0, 0, 0, 0, 0, 0, 0, 0, 0, 0, 0, 0, 0, 0, 0

Test af algortime:
Gennemsnit af tre gennemløb
Motor2

    0, 6, 20, 20, 20, 21, 21, 22, 5, 5, 23, 23, 24, 24, 26, 28,
    29, 4, 31, 32, 33, 34, 35, 36, 37, 37, 38, 39, 3, 41, 42, 43,
    44, 45, 47, 47, 48, 49, 50, 50, 2, 52, 53, 53, 54, 56, 57, 58,
    59, 59, 60, 61, 61, 62, 1, 64, 66, 66, 67, 68, 68, 69, 69, 70,
    72, 73, 73, 74, 75, 76, 76, 77, 77, 79, 80, 80, 81, 82, 84, 84,
    85, 86, 86, 87, 89, 90, 90, 91, 92, 93, 94, 94, 95, 96, 96, 98,
    99, 100, 101, 102, 103, 104, 105, 106, 107, 108, 109, 110, 111, 112, 113, 114,
    115, 116, 116, 118, 119, 120, 122, 123, 124, 125, 126, 0, 128, 129, 129, 131,
    132, 134, 135, 136, 137, 138, 140, 141, 142, 143, 144, 145, 146, 147, 149, 150,
    151, 152, 153, 154, 155, 155, 157, 159, 160, 161, 162, 163, 164, 165, 166, 168,
    169, 170, 171, 172, 173, 174, 175, 176, 177, 178, 179, 180, 181, 183, 184, 185,
    186, 187, 188, 189, 190, 191, 192, 193, 194, 195, 196, 196, 198, 199, 200, 201,
    202, 203, 204, 205, 206, 207, 208, 209, 210, 211, 212, 213, 214, 215, 216, 217,
    218, 219, 220, 221, 222, 223, 224, 225, 226, 227, 228, 229, 230, 231, 231, 232,
    234, 234, 235, 236, 237, 238, 238, 240, 241, 242, 243, 244, 245, 246, 246, 248,
    249, 251, 252, 254, 254, 254, 254, 254, 254, 254, 254, 254, 254, 254, 254
    
RPM_TO_PWM_MOTOR_%d[RPM_LOOKUP_TABLE_SIZE] = {
    15, 0, 17, 0, 0, 19, 20, 21, 22, 24, 0, 25, 27, 0, 28,
    30, 0, 31, 32, 0, 33, 34, 36, 0, 0, 38, 39, 41, 0, 42, 43,
    44, 0, 45, 0, 46, 47, 0, 48, 50, 0, 51, 53, 0, 54, 0, 0,
    55, 56, 57, 0, 59, 60, 0, 61, 62, 0, 0, 63, 65, 66, 0, 67,
    0, 68, 69, 70, 0, 72, 0, 73, 74, 0, 76, 77, 78, 79, 0, 0,
    81, 82, 83, 84, 0, 85, 86, 88, 0, 90, 0, 91, 92, 0, 93, 94,
    96, 97, 98, 99, 100, 102, 0, 104, 105, 0, 107, 108, 252, 110, 112, 0,
    114, 115, 116, 0, 119, 0, 121, 122, 123, 125, 126, 127, 128, 129, 131, 0,
    133, 134, 135, 136, 139, 140, 141, 142, 143, 144, 146, 0, 147, 149, 150, 151,
    153, 154, 155, 157, 0, 158, 160, 161, 0, 163, 164, 165, 168, 0, 0, 170,
    171, 172, 174, 175, 0, 178, 0, 0, 181, 182, 0, 184, 185, 0, 188, 0,
    0, 190, 191, 0, 194, 0, 195, 197, 198, 0, 200, 0, 201, 203, 0, 204,
    206, 0, 207, 209, 0, 210, 212, 213, 214, 215, 0, 216, 218, 0, 219, 251,
    222, 0, 224, 225, 0, 227, 228, 0, 230, 0, 231, 233, 234, 0, 236, 237,
    0, 239, 240, 0, 242, 0, 243, 246, 250, 0, 249, 0, 0, 0, 0, 0,
    0, 0, 0, 0, 0, 0, 0, 0, 0, 0, 0, 0, 0, 0, 0, 0
};

const int RPM_TO_PWM_MOTOR_%d[RPM_LOOKUP_TABLE_SIZE] = {
    12, 12, 14, 15, 15, 16, 17, 19, 19, 21, 22, 23, 23, 24, 26,
    27, 27, 28, 29, 29, 31, 31, 31, 33, 33, 33, 35, 36, 36, 37, 39,
    39, 41, 41, 41, 42, 43, 43, 44, 44, 45, 45, 46, 46, 47, 47, 48,
    49, 50, 50, 52, 53, 54, 54, 55, 55, 56, 57, 57, 58, 58, 59, 60,
    61, 62, 63, 64, 64, 65, 66, 66, 67, 67, 68, 69, 72, 72, 72, 73,
    74, 74, 76, 76, 77, 79, 80, 80, 81, 82, 83, 83, 85, 86, 87, 88,
    88, 90, 92, 91, 93, 94, 95, 97, 98, 98, 100, 100, 103, 104, 104, 105,
    108, 109, 110, 111, 114, 113, 115, 116, 119, 120, 120, 122, 124, 126, 126, 129,
    127, 130, 133, 134, 135, 135, 138, 139, 142, 143, 143, 144, 147, 147, 149, 151,
    152, 152, 154, 155, 157, 159, 160, 160, 161, 163, 165, 167, 166, 168, 168, 171,
    172, 172, 174, 175, 176, 178, 179, 179, 181, 182, 183, 183, 185, 187, 187, 188,
    189, 190, 192, 193, 193, 195, 196, 196, 198, 199, 200, 201, 201, 203, 203, 205,
    206, 206, 208, 209, 209, 211, 212, 213, 214, 215, 215, 217, 218, 219, 219, 221,
    221, 223, 224, 224, 226, 226, 227, 229, 230, 230, 232, 232, 232, 255, 255, 237,
    237, 238, 238, 240, 241, 243, 243, 243, 245, 248, 254, 249, 253, 253, 253, 253,
    253, 253, 253, 253, 253, 253, 253, 253, 253, 253, 253, 253, 253, 253, 253, 253
}

Exempel:

RPM_TO_PWM_MOTOR_1[RPM_LOOKUP_TABLE_SIZE] = {
    0, 12, 16, 13, 18, 15, 16, 18, 19, 20, 21, 22, 23, 24, 25, 26,
    27, 28, 29, 31, 30, 32, 34, 35, 35, 36, 37, 39, 38, 40, 42, 42,
    44, 42, 45, 46, 47, 48, 49, 50, 48, 52, 49, 54, 50, 54, 56, 57,
    53, 58, 59, 60, 61, 62, 58, 61, 63, 65, 66, 67, 63, 64, 69, 65,
    67, 72, 73, 73, 74, 75, 76, 77, 78, 79, 80, 75, 80, 82, 84, 78,
    84, 86, 87, 88, 89, 90, 91, 92, 93, 95, 95, 97, 91, 96, 98, 100,
    101, 102, 104, 105, 106, 107, 108, 109, 110, 111, 112, 114, 115, 116, 117, 119,
    119, 120, 121, 123, 124, 125, 126, 128, 129, 130, 132, 133, 134, 135, 137, 138,
    139, 140, 141, 142, 144, 145, 146, 148, 149, 150, 151, 152, 153, 154, 156, 156,
    157, 159, 160, 161, 162, 165, 165, 166, 167, 168, 169, 171, 171, 172, 174, 175,
    175, 177, 178, 179, 180, 181, 182, 183, 184, 185, 187, 187, 188, 189, 190, 192,
    192, 193, 195, 195, 197, 198, 199, 199, 200, 202, 203, 204, 204, 206, 206, 207,
    209, 210, 211, 211, 212, 214, 214, 216, 217, 218, 219, 219, 220, 222, 223, 223,
    225, 225, 227, 228, 229, 230, 230, 231, 232, 233, 235, 236, 237, 238, 239, 239,
    241, 242, 241, 243, 245, 246, 246, 248, 249, 250, 252, 253, 255, 255, 255
};



RPM_TO_PWM_MOTOR_2[RPM_LOOKUP_TABLE_SIZE] = {
    0, 22, 19, 14, 21, 21, 17, 19, 18, 20, 21, 23, 23, 24, 25, 27,
    28, 29, 30, 31, 31, 32, 34, 35, 36, 37, 38, 40, 37, 41, 43, 43,
    44, 43, 44, 45, 47, 48, 49, 50, 52, 52, 53, 48, 55, 50, 56, 57,
    57, 58, 59, 57, 60, 61, 62, 60, 63, 64, 65, 66, 66, 68, 69, 64,
    69, 72, 67, 72, 73, 75, 76, 73, 74, 76, 78, 80, 81, 82, 78, 79,
    81, 85, 86, 86, 87, 88, 89, 90, 91, 94, 94, 94, 95, 96, 97, 98,
    99, 101, 102, 103, 104, 105, 106, 107, 108, 109, 110, 112, 109, 110, 114, 116,
    117, 118, 119, 120, 121, 122, 123, 125, 124, 126, 127, 129, 130, 131, 133, 132,
    133, 136, 137, 138, 139, 140, 141, 143, 144, 145, 146, 147, 148, 149, 151, 151,
    152, 154, 156, 154, 158, 161, 161, 159, 162, 163, 164, 166, 167, 168, 169, 170,
    171, 172, 173, 175, 174, 176, 178, 179, 180, 181, 182, 182, 183, 186, 186, 187,
    188, 190, 191, 192, 193, 193, 194, 196, 197, 197, 199, 199, 201, 202, 203, 203,
    204, 206, 207, 208, 209, 210, 210, 211, 212, 214, 213, 215, 217, 218, 218, 219,
    221, 221, 223, 223, 224, 226, 225, 227, 229, 230, 230, 231, 232, 233, 234, 235,
    236, 237, 239, 238, 241, 240, 242, 243, 244, 245, 246, 247, 248, 249, 251
};
